Alpine remote control protocol:

	Volume Up	11010111 11011011 10101011 11011011 11010110 11010101
 	Volume Down	11010111 11011011 10101011 01101101 11110110 11010101
 	Mute		11010111 11011011 10101011 10101101 11101110 11010101
	Preset Up	11010111 11011011 10101011 10101011 11101111 01010101
	Preset Down	11010111 11011011 10101011 01010101 11111111 01010101
 	Source		11010111 11011011 10101011 10110111 11011011 01010101
 	Next Track	11010111 11011011 10101011 10111011 11011010 11010101
 	Prev. Track	11010111 11011011 10101011 01011101 11111010 11010101
 	Power		11010111 11011011 10101011 01110111 11101011 01010101
 	Enter/Play	11010111 11011011 10101011 01010111 11111101 01010101
 	Band/Prog	11010111 11011011 10101011 01101011 11110111 01010101
 	
 	
